clearvars;

% G = 10^(8.2/20); % etapa 4
% f0 = 1626.15;
G =  10^(8.25/20); % etapa 5
f0 = 15373.1;
Q = 5.61;

c1 = 1e-9; c2 = c1;

r1 = 1/(2*pi()*f0*c1);
r2 = r1;
r3 = r1/G;
r4 = Q*r1;